imgname.png k11 k12 k13 k21 k22 k23 k31 k32 k33 r11 r12 r13 r21 r22 r23 r31 r32 r33 t1 t2 t3
dinoSR0001.png 3310.400000 0.000000 316.730000 0.000000 3325.500000 200.550000 0.000000 0.000000 1.000000 -0.14396457836077139000 0.96965263281337499000 0.19760617153779569000 -0.90366580603479685000 -0.04743335255026152200 -0.42560419233334673000 -0.40331536459778505000 -0.23984130575212276000 0.88306936201487163000 -0.010415508744 -0.0294278883669 0.673097816109
dinoSR0002.png 3310.400000 0.000000 316.730000 0.000000 3325.500000 200.550000 0.000000 0.000000 1.000000 -0.23143687262851170000 0.96422332027030622000 0.12926937165558827000 -0.65860811165749811000 -0.05749426020475298400 -0.75028640486482034000 -0.71601208187197274000 -0.25878137856376976000 0.64835049619606955000 -0.0143392676288 -0.0315356332107 0.659314086504
dinoSR0003.png 3310.400000 0.000000 316.730000 0.000000 3325.500000 200.550000 0.000000 0.000000 1.000000 -0.28437648559126744000 0.95818717180552493000 0.03174117685280887500 -0.30447985736374050000 -0.05887271324279850400 -0.95069715013877931000 -0.90907810612855156000 -0.28002026823733883000 0.30848995461910772000 -0.0181396767412 -0.0277593369636 0.645855774902
dinoSR0004.png 3310.400000 0.000000 316.730000 0.000000 3325.500000 200.550000 0.000000 0.000000 1.000000 -0.29401781384102649000 0.95254363718061841000 -0.07882994806514329000 0.10008332165785941000 -0.05134047099598639700 -0.99365293826058598000 -0.95054606727387558000 -0.30004129466721602000 -0.08023903828591291700 -0.021187474226 -0.0187242689354 0.634951273531
